
______________________________________
|0  1  2 |  9 10 11|18 19 20|27 28 29|
|5  4  3 | 14 13 12|23 22 21|32 31 30|
|6  7  8 | 15 16 17|24 25 26|33 34 35|
______________________________________
|71 70 69|62 61 60|53 52 51| 44 43 42|
|66 67 68|57 58 59|48 49 50| 39 40 41|
|65 64 63|56 55 54|47 46 45| 38 37 36|
________________________________________
|72 73 74| 81 82 83|90 91 92| 99 100 101|
|77 76 75| 86 85 84|95 94 93|104 103 102|
|78 79 80| 87 88 89|96 97 98|105 106 107|
________________________________________________
|108 109 110|117 118 119|126 127 128|135 136 137|
|113 112 111|122 121 120|131 130 129|140 139 138|
|114 115 116|123 124 125|132 133 134|141 142 143|
________________________________________________
